0     0                   -10.012
300   201.20187018746364   0.07089550885834228
310   202.6652032655737   0.5171935135080616
320   204.106211041577   0.9710923584470379
330   205.5249510495961   1.4321643676760232
340   206.92161769504472   1.9000294094989272
350   208.2965067670457   2.3743481359346106
360   209.64998812829742   2.854816348893081
370   210.98248465284323   3.341160279944944
380   212.29445596238924   3.833132615390241
390   213.58638586523034   4.330509132855298
400   214.8587726639582   4.83308584240001
410   216.11212169391771   5.340676545999628
420   217.34693960161673   5.853110745672097
430   218.5637299837146   6.370231843494366
440   219.76299009203078   6.891895587071474
450   220.94520837493292   7.417968722275873
460   222.11086267541174   7.948327821716816
470   223.2604189447628   8.482858262766655
480   224.39433036078336   9.021453333333966
490   225.51303676277755   9.564013447133703
500   226.61696433397293   10.11044545312501
510   227.70652547633813   10.660662026191687
520   228.78211883413354   11.214581128128657
530   229.84412943149732   11.772125529648946
540   230.89292889648277   12.333222385500875
550   231.9288757496192   12.89780285593622
560   232.95231573957489   13.465801768735275
570   233.96358221210073   14.03715731680822
580   234.9629965013101   14.611810787079179
590   235.95086833465726   15.189706316941397
600   236.92749624482408   15.770790675066678
610   237.89316798320883   16.35501306377492
620   238.8481609309016   16.94232494052889
630   239.79274250398572   17.53267985642958
640   240.72717055077294   18.12603330985266
650   241.6516937391934   18.722342613595316
660   242.5665519330543   19.321566774100887
670   243.47197655627363   19.923666381498776
680   244.36819094450786   20.528603509347278
690   245.25541068384098   21.13634162309387
700   246.13384393639677   21.74684549638215
710   247.0036917528903   22.360081134431283
720   247.8651483722522   22.97601570380047
730   248.71840150855198   23.594617467926298
740   249.56363262551284   24.215855727886634
750   250.40101719896379   24.83970076790365
760   251.23072496760847   25.466123805148925
770   252.0529201725165   26.09509694346019
780   252.86776178575715   26.726593130617914
790   253.67540372860316   27.36058611886716
800   254.4759950797353   27.9970504284
810   255.26968027387463   28.635961313542907
820   256.056599291264   29.277294731418465
830   256.83688783841126   29.92102731287241
840   257.6106775204965   30.567136335477073
850   258.378096005832   31.215599698440883
860   259.13926718275195   31.866395899268184
870   259.894311309294   32.519504012028335
880   260.6433451560203   33.17490366710729
890   261.38648214231193   33.832575032323405
900   262.1238324664554   34.492498795302765
910   262.8555032298256   35.15465614701634
920   263.58159855545654   35.8190287663906
930   264.30221970127525   36.48559880591165
940   265.0174651682634   37.1543488781474
950   265.72743080379666   37.825262043121654
960   266.43220990039924   38.49832179647689
970   267.13189329014085   39.17351205836968
980   267.8265694348894   39.85081716304535
990   268.5163245126238   40.530221849045006
1000   269.20124250000003   41.21171125000001
1010   269.88140525135293   41.895270885973275
1020   270.5568925743087   42.580886655309826
1030   271.22778230217097   43.26854482696206
1040   271.8941503632388   43.95823203325824
1050   272.55607084720225   44.64993526308342
1060   273.2136160687581   45.34364185544706
1070   273.8668566285762   46.03933949341092
1080   274.51586147174527   46.737016198354695
1090   275.16069794381514   47.43666032455661
1100   275.8014318445502   48.138260554070484
1110   276.43812747950136   48.841805891879005
1120   277.0708477094976   49.54728566130717
1130   277.699653998155   50.25468949967865
1140   278.3246064574933   50.964007354201556
1150   278.9457638917491   51.675229478068104
1160   279.5631838394656   52.388346426756584
1170   280.1769226139398   53.103349054522596
1180   280.7870353420997   53.820228511068876
1190   281.3935760018832   54.538976238382986
1200   281.9965974581845   55.25958396773336
