0     0                   -8.670
100   159.8099800629198   -5.767973045416666
110   162.58394068503122   -5.476927329309544
120   165.11650695997432   -5.1858657172032
130   167.44633978274138   -4.8947919347012405
140   169.60348958525506   -4.6037098781162475
150   171.61177987640403   -4.312623224859375
160   173.49041900711467   -4.021535189933865
170   175.25512192439083   -3.7304483683720253
180   176.91891050389634   -3.4393646301931993
190   178.4926970266512   -3.148285048532925
200   179.98571770730774   -2.8572098493333327
210   181.40586026885128   -2.566138375407717
220   182.75991519739034   -2.2750690603056842
230   184.05377106965705   -1.9839994089960822
240   185.29256825846892   -1.6929259833792
250   186.48082122622412   -1.4018443912760405
260   187.62251680873547   -1.110749277958532
270   188.72119393317365   -0.8196343195619074
280   189.7800088261045   -0.5284922179087239
290   190.8017887700022   -0.237314696403768
300   191.78907673995863   0.05390750325000049
310   192.74416871651164   0.34518462369991987
320   193.6691450709701   0.6365278940954671
330   194.56589711853786   0.9279495318488795
340   195.4361497054421   1.2194627440850763
350   196.28148052035652   1.5110817288430045
360   197.1033366841776   1.8028216760767997
370   197.90304906586482   2.09469876849454
380   198.68184468842037   2.3867301822646247
390   199.44085752283715   2.6789340876134258
400   200.181137915029   2.9713296493333328
410   200.9036608483794   3.263937027216434
420   201.60933321034508   3.556777376426229
430   202.29900020379094   3.849872847817503
440   202.97345102108272   4.143246588212557
450   203.63342388038734   4.436922740640625
460   204.27961050832337   4.73092644454605
470   204.91266014043106   5.025283835969878
480   205.53318310039353   5.320022047708802
490   206.1417540101433   5.615169209454553
500   206.74016938935173   5.911522833333333
510   207.32635215468915   6.207536125915576
520   207.90197286006696   6.503972185741718
530   208.4674950271137   6.800863092427933
540   209.02335009777462   7.098237671180874
550   209.56994034587262   7.396121796124621
560   210.10764146774204   7.69453866112835
570   210.6368048930902   7.9935090221257745
580   211.15775985127124   8.2930514143671
590   211.67081522314948   8.593182347577544
600   212.17626120450996   8.893916481599998
610   212.6743708034131   9.195266784761378
620   213.16540119086844   9.497244676913184
630   213.64959492163706   9.799860158849157
640   214.127181039783   10.103121929590026
650   214.59837608172285   10.407037492841988
660   215.06338498791732   10.711613253777102
670   215.52240193297087   11.016854607146852
680   215.9756110827138   11.322766017620882
690   216.42318728581623   11.62935109313987
700   216.86529670659127   11.936612651980951
710   217.3020974048731   12.24455278415559
720   217.73373986818254   12.553172907691089
730   218.16036750080593   12.862473820286116
740   218.58211707390066   13.172455746777967
750   218.99911914029119   13.483118382812496
760   219.41149841722537   13.794460935066361
770   219.819374140014   14.106482158335087
780   220.22286038917107   14.419180389768222
790   220.62206639340246   14.73255358050432
800   221.01709681055206   15.046599324933336
810   221.40805198840349   15.361314887791401
820   221.79502820704735   15.676697229273088
830   222.17811790435778   15.992743028328302
840   222.55740988597307   16.30944870429513
850   222.9329895210431   16.626810437005634
860   223.3049389248881   16.94482418548897
870   223.6733371296065   17.263485705384575
880   224.03826024357656   17.58279056516813
890   224.39978160070945   17.90273416128364
900   224.75797190023647   18.22331173226667
910   225.11289933774353   18.54451837193641
920   225.46462972810457   18.866349041727403
930   225.8132266209093   19.188798582225647
940   226.1587514089301   19.51186172396836
950   226.50126343012812   19.835533097561623
960   226.8408200636558   20.159807243165755
970   227.17747682027712   20.484678619393893
980   227.51128742759172   20.810141611665752
990   227.8423039104185   21.136190540055157
1000   228.17057666666665   21.46281966666666
1010   228.4961545389954   21.79002320257402
1020   228.81908488254166   22.117795314350413
1030   229.1394136289724   22.4461301302184
1040   229.4571853470998   22.775021745844942
1050   229.77244330027904   23.104464229805355
1060   230.08522950079256   23.434451628738
1070   230.39558476140948   23.76497797220982
1080   230.7035487442953   24.096037277311712
1090   231.00916000743453   24.427623553000828
1100   231.31245604871717   24.75973080420606
1110   231.61347334782906   25.092353035711643
1120   231.91224740607765   25.425484255832657
1130   232.20881278427362   25.75911847989538
1140   232.50320313878245   26.09324973353452
1150   232.79545125585156   26.427872055818295
1160   233.08558908431098   26.762979502212023
1170   233.37364776674048   27.09856614738963
1180   233.65965766918833   27.434626087902206
1190   233.9436484095229   27.771153444712045
1200   234.22564888449153   28.1081423656
1210   234.5056872955578   28.445587027453396
1220   234.78379117358273   28.783481638441504
1230   235.059987402412   29.121820440084843
1240   235.33430224142703   29.46059770922427
1250   235.60676134711457   29.79980775989583
1260   235.8773897937056   30.139444945116008
1270   236.14621209293188   30.47950365858281
1280   236.41325221294514   30.819978336297087
1290   236.67853359644138   31.160863458108448
1300   236.94207917803038   31.502153549189746
1310   237.20391140088762   31.84384318144416
1320   237.46405223272484   32.18592697484823
1330   237.72252318111182   32.528399598734325
1340   237.97934530818156   32.87125577301566
1350   238.23453924474796   33.21449026935694
1360   238.48812520386474   33.55809791229332
1370   238.7401229938517   33.902073580300296
1380   238.99055203081335   34.246412206817155
1390   239.2394313506737   34.59110878122631
1400   239.48677962074973   34.936158349790475
1410   239.73261515088456   35.28155601655007
1420   239.97695590416023   35.62729694418283
1430   240.2198195072095   35.97337635482704
1440   240.46122326014435   36.31978953087082
1450   240.70118414611832   36.66653181570847
1460   240.9397188405388   37.01359861446588
1470   241.1768437199449   37.3609853946963
1480   241.41257487056504   37.708687687047856
1490   241.64692809656827   38.05670108590431
1500   241.8799189280228   38.40502124999999
1510   242.1115626285734   38.75364390301054
1520   242.34187420285053   39.10256483412006
1530   242.57086840362143   39.4517798985663
1540   242.79855973869502   39.801285018164364
1550   243.0249624775896   40.15107618181034
1560   243.25009065797428   40.501149445965396
1570   243.47395809189214   40.851500935121436
1580   243.6965783717754   41.202126842249186
1590   243.91796487625936   41.55302342922917
1600   244.1381307758045   41.90418702726667
1610   244.35708903813355   42.25561403729114
1620   244.57485243349112   42.60730093034093
1630   244.7914335397328   42.9592442479337
1640   245.0068447472504   43.31144060242342
1650   245.22109826373926   43.66388667734431
1660   245.43420611881461   44.01657922774238
1670   245.64618016848158   44.369515080495006
1680   245.8570320994652   44.72269113461924
1690   246.06677343340544   45.07610436156891
1700   246.27541553092234   45.429751805521576
1710   246.48296959555586   45.78363058365504
1720   246.6894466775853   46.137737886414556
1730   246.89485767773277   46.49207097777061
1740   247.09921335075472   46.84662719546772
1750   247.30252430892554   47.20140395126488
1760   247.5048010254174   47.55639873116775
1770   247.70605383757987   47.911609095652906
1780   247.90629295012292   48.26703267988465
1790   248.10552843820645   48.622667193924414
1800   248.30377025044027   48.978510422933326
1810   248.5010282117969   49.33456022736796
1820   248.69731202644073   49.69081454316964
1830   248.8926312804763   50.04727138194761
1840   249.08699544461837   50.40392883115618
1850   249.2804138767864   50.760785054266094
1860   249.47289582462653   51.117838290930464
1870   249.6644504279625   51.4750868571452
1880   249.855086721179   51.83252914540466
1890   250.04481363553887   52.19016362485189
1900   250.2336400014368   52.547988841424555
1910   250.4215745505914   52.90600341799603
1920   250.60862591817775   53.26420605451217
1930   250.79480264490238   53.62259552812374
1940   250.98011317902242   53.981170693314965
1950   251.16456587831107   54.33993048202787
1960   251.34816901197038   54.69887390378294
1970   251.53093076249402   55.05800004579612
1980   251.71285922748075   55.4173080730922
1990   251.89396242140054   55.77679722861485
2000   252.07424827731492   56.136466833333316