0       0        -9.364   
100	179.009  -6.456   
150   191.7644857686879   -4.8406210235203275
160   193.5116469463885   -4.569841098780614
170   195.22081358803223   -4.287861577350327
180   196.8895988949754   -3.9958582965957135
190   198.5172796755934   -3.694771601500065
200   200.1041524982821   -3.3853650985333275
210   201.65112924555459   -3.0682676227024785
220   203.15948023044928   -2.7440037590421866
230   204.630669941708   -2.413016401977586
240   206.0662518286348   -2.0756836748467435
250   207.46780118851802   -1.7323317887369853
260   208.8368728846471   -1.383244933898311
270   210.17497535813806   -1.0286729730641468
280   211.48355537318656   -0.6688374862041542
290   212.76398983542197   -0.30393656463758134
300   214.01758225278306   0.06585135367498651
310   215.24556221399885   0.44036439115535586
320   216.449086793255   0.8194547175639286
330   217.62924314618854   1.2029864938730839
340   218.7870518025423   1.590834178986654
350   219.92347032365362   1.982881126735606
360   221.0393971039082   2.3790184167084476
370   222.13567517114922   2.779143874675981
380   223.21309589297968   3.1831612476862574
390   224.27240253145362   3.590979506067981
400   225.31429361291893   4.00251225013335
410   226.3394260962315   4.417677203704557
420   227.34841833360568   4.8363957799944615
430   228.3418528256497   5.258592708060974
440   229.32027877681412   5.68419571020047
450   230.28421446035347   6.1131352223546855
460   231.2341494035324   6.545344150986807
470   232.1705464045888   6.980757660994186
480   233.09384339317694   7.419312990132482
490   234.00445514584558   7.860949286162793
500   234.9027748676965   8.305607463541662
510   235.7891756508126   8.753230076970794
520   236.664011819406   9.203761209537163
530   237.5276201709637   9.65714637351681
540   238.38032112198684   10.113332422200017
550   239.22241976625412   10.57226747133575
560   240.05420685290116   11.033900828992955
570   240.8759596910018   11.498182932804639
580   241.68794298677227   11.965065293703901
590   242.4904096189924   12.4345004453819
600   243.2836013577532   12.906441898799983
610   244.06774953119307   13.380844101175967
620   244.84307564447596   13.857662398939453
630   245.60979195489134   14.33685300421547
640   246.36810200661455   14.818372964449793
650   247.11820112835588   15.302180134838636
660   247.86027689684406   15.788233153264343
670   248.59450956883356   16.27649141747571
680   249.32107248409136   16.766915064282045
690   250.0401324416071   17.259464950556094
700   250.7518500510787   17.75410263586548
710   251.45638006154903   18.250790366571948
720   252.153871668913   18.749491061255696
730   252.84446880386776   19.25016829733721
740   253.52831040174829   19.752786298784883
750   254.20553065557246   20.2573099248047
760   254.87625925350895   20.763704659423865
770   255.5406216018845   21.271936601885784
780   256.19873903475593   21.78197245778358
790   256.85072901099034   22.293779530867596
800   257.4967052997224   22.807325715466675
810   258.13677815498926   23.322579489471423
820   258.77105448028055   23.83950990783069
830   259.39963798368547   24.35808659651775
840   260.0226293242643   24.878279746928342
850   260.6401262502273   25.400060110673337
860   261.25222372945643   25.923398994734953
870   261.859014072869   26.448268256957533
880   262.46058705108226   26.97464030184483
890   263.057030004807   27.50248807664144
900   263.64842794936527   28.031785067675003
910   264.23486367369964   28.56250529693972
920   264.81641783421554   29.09462331890296
930   265.3931690437736   29.628114217517123
940   265.96519395612637   30.16295360342332
950   266.5325673460747   30.699117611330564
960   267.0953621855981   31.236582897559686
970   267.6536497161983   31.77532663773843
980   268.2074995176773   32.31532652463841
990   268.7569795735569   32.85656076614214
1000	269.299  33.397   
1100	274.528  38.884   
1200	279.39   44.473   
1300	283.932  50.148   
1400	288.191  55.896   
1500	292.199  61.705   
1600	295.983  67.569   
1700	299.566  73.48    
1800	302.968  79.431   
1900	306.205  85.419   
2000	309.293  91.439   