0     0                   -8.467
300   130.8585684767772   0.05350957581666371
310   131.80554461834618   0.34231306790012006
320   132.72422571795545   0.6316746750107729
330   133.61610944262796   0.9215151513254014
340   134.4825928454606   1.2117664812040392
350   135.32497931227596   1.5023702511105643
360   136.14448529454978   1.793276292879927
370   136.9422467229661   2.0844415469960147
380   137.71932504453747   2.3758291053520164
390   138.47671285822494   2.667407401278389
400   139.2153391447656   2.959149521066667
410   139.93607409958605   3.2510326162458387
420   140.6397335857123   3.543037399819287
430   141.32708322815685   3.8351477127942015
440   141.99884217352422   4.127350149820664
450   142.65568653931115   4.419633734745487
460   143.29825257712795   4.711989638485132
470   143.92713957320203   5.004410932914858
480   144.54291250829337   5.296892375521704
490   145.1461044977272   5.589430220426522
500   145.73721903074005   5.882022052083334
510   146.3167320268229   6.174666638543497
520   146.88509372527005   6.467363801650935
530   147.44273042273863   6.760114301932193
540   147.9900460723061   7.05291973627657
550   148.52742375628816   7.345782446778317
560   149.05522704395287   7.638705439345857
570   149.57380124423196   7.931692310878377
580   150.08347456259028   8.224747183975873
590   150.58455917035582   8.5178746482889
600   151.07735219403716   8.81107970773333
610   151.5621366314524   9.104367732897066
620   152.0391822008567   9.397744418052595
630   152.50874612868316   9.691215742263582
640   152.97107388099283   9.984787934137708
650   153.4263998432615   10.278467439833092
660   153.87494795270973   10.572260893973235
670   154.31693228700175   10.866175093166566
680   154.75255761279413   11.16021697186254
690   155.18201989730574   11.454393580307164
700   155.60550678579955   11.748712064388092
710   156.02319804761342   12.043179647182912
720   156.43526599314782   12.337803612045084
730   156.84187586401092   12.632591287080109
740   157.24318619833326   12.927550030880338
750   157.63934917309496   13.22268721940104
760   158.03051092515233   13.518010233872529
770   158.41681185251227   13.813526449654228
780   158.79838689727447   14.109243225946129
790   159.17536581154562   14.405167896281606
800   159.54787340752554   14.701307759733334
810   159.91602979286787   14.997670072770566
820   160.27995059233152   15.29426204171225
830   160.6397471566592   15.591090815725705
840   160.9955267595463   15.888163480325362
850   161.34739278349699   16.185487051330455
860   161.69544489530412   16.483068469244238
870   162.03977921183323   16.780914594020857
880   162.38048845674024   17.079032200189047
890   162.71766210870612   17.377427972304524
900   163.0513865417285   17.67610850070556
910   163.3817451579712   17.975080277548443
920   163.7088185136362   18.274349693101485
930   164.0326844382901   18.573923032278095
940   164.35341814804556   18.873806471391163
950   164.67109235297121   19.174006075112445
960   164.98577735907634   19.474527793621974
970   165.2975411651941   19.775377459933786
980   165.60644955506405   20.076560787385397
990   165.91256618489442   20.37808336727941
1000   166.21601466666667   20.680131
1010   166.51675260670095   20.982370420002535
1020   166.81486859528457   21.284955987984578
1030   167.1104207195453   21.58789480244349
1040   167.4034649827674   21.891193547797855
1050   167.69405540376317   22.194858514871875
1060   167.98224411043552   22.498895620220328
1070   168.26808142793   22.80331042436986
1080   168.551615961744   23.1081081490469
1090   168.83289467613145   23.413293693457153
1100   169.1119629681165   23.718871649677272
1110   169.388864737405   24.024846317214426
1120   169.66364245246086   24.331221716785915
1130   169.9363372129958   24.6380016033672
1140   170.20698880910035   24.945189478553093
1150   170.47563577722974   25.252788602274048
1160   170.7423154532412   25.560802003906467
1170   171.00706402266562   25.869232492813246
1180   171.2699165683842   26.17808266834831
1190   171.5309071158671   26.48735492935676
1200   171.79006867612205   26.797051483199997
1210   172.04743328648908   27.10717435433335
1220   172.30303204940952   27.41772539246179
1230   172.55689516928746   27.72870628029788
1240   172.80905198755482   28.040118540944263
1250   173.05953101604376   28.351963544921876
1260   173.30835996876243   28.66424251686339
1270   173.55556579216503   28.97695654189051
1280   173.80117469400003   29.290106571692316
1290   174.04521217081597   29.603693430320842
1300   174.2877030341988   29.917717819719233
1310   174.5286714358095   30.232180324996644
1320   174.76814089128777   30.547081419463453
1330   175.00613430308186   30.862421469439212
1340   175.2426739822623   31.17820073884542
1350   175.4777816693728   31.494419393594093
1360   175.71147855436888   31.811077505782812
1370   175.9437852956914   32.128175057705924
1380   176.17472203851992   32.4457119456914
1390   176.4043084322471   32.76368798377218
1400   176.63256364721425   33.0821029072
1410   176.85950639074485   33.400956375809756
1420   177.08515492251092   33.72024797724177
1430   177.30952706926527   34.0399772300288
1440   177.53264023897106   34.36014358655444
1450   177.75451143435743   34.68074643588911
1460   177.9751572659292   35.00178510650944
1470   178.19459396445706   35.323258868906755
1480   178.41283739297228   35.64516693808978
1490   178.62990305828998   35.9675084759865
1500   178.84580612208248   36.29028259375
1510   179.06056141152413   36.613488353972706
1520   179.2741834295269   36.937124772813206
1530   179.48668636458578   37.26119082203957
1540   179.69808410025163   37.58568543099322
1550   179.90839022424822   37.91060748847672
1560   180.11761803724937   38.23595584456881
1570   180.32578056133144   38.56172931237038
1580   180.53289054811532   38.88792666968384
1590   180.7389604866115   39.21454666062927
1600   180.94400261078147   39.541587997200004
1610   181.14802890682716   39.869049360760094
1620   181.35105112022046   40.19692940348645
1630   181.55308076248383   40.52522674975778
1640   181.7541291177324   40.85393999749287
1650   181.95420724898756   41.183067719440054
1660   182.15332600427192   41.51260846442006
1670   182.35149602249402   41.84256075852439
1680   182.54872773913212   42.17292310627071
1690   182.74503139172495   42.50369399171732
1700   182.94041702517706   42.834871879538234
1710   183.1348944968868   43.166455216060584
1720   183.32847348170336   43.498442430265804
1730   183.5211634767202   43.83083193475615
1740   183.71297380591116   44.16362212668775
1750   183.90391362461517   44.49681138867187
1760   184.09399192387588   44.83039808964526
1770   184.2832175346416   45.16438058571113
1780   184.47159913183094   45.49875722095167
1790   184.65914523826925   45.83352632821348
1800   184.84586422850083   46.168686229866665
1810   185.03176433248186   46.50423523853886
1820   185.21685363915776   46.84017165782503
1830   185.40114009993022   47.17649378297398
1840   185.58463153201748   47.51319990155253
1850   185.76733562171154   47.85028829408809
1860   185.94925992753693   48.18775723469055
1870   186.13041188331366   48.52560499165419
1880   186.31079880112844   48.86382982804038
1890   186.49042787421723   49.20243000224183
1900   186.66930617976234   49.54140376852894
1910   186.84744068160714   49.88074937757905
1920   187.0248382328911   50.220465076989115
1930   187.20150557860833   50.5605491117725
1940   187.37744935809192   50.90099972484032
1950   187.55267610742678   51.241815157468025
1960   187.72719226179356   51.58299364974774
1970   187.90100415774592   51.92453344102674
1980   188.07411803542328   52.26643277033268
1990   188.24654004070155   52.60868987678599
2000   188.41827622728357   52.95130299999999
2010   188.58933255873168   53.29427038046891
2020   188.75971491044393   53.637590259944496
2030   188.92942907157607   53.981260881801354
2040   189.09848074691118   54.32528049139185
2050   189.26687555867815   54.66964733639016
2060   189.4346190483215   55.01435966712677
2070   189.60171667822328   55.35941573691291
2080   189.76817383337908   55.704813802355886
2090   189.93399582302965   56.05055212366519
2100   190.0991878822491   56.39662896495
2110   190.26375517349183   56.74304259450805
2120   190.42770278809834   57.08979128510652
2130   190.5910357477626   57.43687331425489
2140   190.75375900596103   57.78428696447016
2150   190.91587744934475   58.13203052353467
2160   191.07739589909653   58.48010228474682
2170   191.23831911225264   58.82850054716474
2180   191.39865178299186   59.17722361584341
2190   191.55839854389146   59.52626980206508
2200   191.71756396715216   59.87563742356364
2210   191.87615256579215   60.22532480474268
2220   192.03416879481188   60.57533027688785
2230   192.19161705232975   60.92565217837326
2240   192.34850168069022   61.27628885486272
2250   192.5048269675446   61.62723865950521
2260   192.66059714690584   61.97849995312542
2270   192.8158164001775   62.33007110440923
2280   192.97048885715822   62.681950490084105
2290   193.12461859702205   63.03413649509513
2300   193.2782096492753   63.386627512776094
2310   193.43126599469105   63.73942194501627
2320   193.58379156622107   64.092518202423
2330   193.73579024988695   64.44591470447989
2340   193.88726588564987   64.79960987970104
2350   194.03822226826054   65.15360216578146
2360   194.18866314808915   65.50789000974332
2370   194.33859223193656   65.86247186807894
2380   194.4880131838265   66.2173462068898
2390   194.63692962578006   66.57251150202231
2400   194.7853451385723   66.9279662392
2410   194.933263262472   67.28370891415258
2420   195.0806874979646   67.63973803274169
2430   195.227621306459   67.99605211108361
2440   195.37406811097878   68.35264967566887
2450   195.5200312968377   68.70952926347904
2460   195.6655142123006   69.06668942210057
2470   195.81052016922976   69.42412870983603
2480   195.95505244371702   69.7818456958123
2490   196.09911427670204   70.1398389600867
2500   196.24270887457735   70.49810709375002
