0      0        -8.683          
100    173.307  -5.779          
200    193.485  -2.868          
250    199.99   -1.41                       
300    205.329  0.054           
350    209.88   1.531           
400    213.871  3.025           
450    217.445  4.543           
500    220.693  6.084           
600    226.451  9.244           
700    231.466  12.499          
800    235.921  15.835          
900    239.931  19.241          
1000   243.578  22.703          
1100   246.922  26.212          
1200   250.01   29.761          
1300   252.878  33.344          
1400   255.556  36.957          
1500   258.068  40.599          
1600   260.434  44.266          
1700   262.672  47.958          
1800   264.796  51.673          
1900   266.818  55.413          
2000   268.748  59.175