0     0                    -10.528
300   219.58793616729756   0.07725955824999886
310   221.01571707010066   0.5127213704152211
320   222.43035019738997   0.9583202366058643
330   223.8327087108206   1.4140768491220044
340   225.22352490971463   1.879990930185123
350   226.60341596821235   2.35604447191443
360   227.9729045233335   2.842204436307192
370   229.33243524097492   3.3384250173843455
380   230.68238821896244   3.8446495461552317
390   232.0230898869721   4.360812102510899
400   233.3548219136576   4.886838885333333
410   234.67782851834136   5.4226493821009285
420   235.99232249860762   5.968157371407479
430   237.2984902191964   6.52327178559478
440   238.5964957567121   7.087897455753499
450   239.8864843551545   7.661935757390623
460   241.16858531642436   8.245285171879395
470   242.44291442572307   8.837841776234825
480   243.7095759926313   9.4394996716672
490   244.96866457346798   10.050151359659687
500   246.22026642842195   10.669688072916664
510   247.4644607572489   11.298000067376883
520   248.7013207495198   11.934976880532837
530   249.93091447910078   12.580507560506454
540   251.1533056674266   13.234480869671863
550   252.3685543359619   13.896785466064863
560   253.57671736483815   14.567310065355578
570   254.77784897185762   15.245943585771407
580   255.97200112375626   15.932575278027905
590   257.1592238897159   16.627094842046453
600   258.3395657455423   17.329392532000007
610   259.5130738356174   18.03935925102656
620   260.67979419864304   18.756886636776905
630   261.8397719622834   19.481867138814685
640   262.99305151104886   20.21419408876053
650   264.13967663112214   20.953761763961147
660   265.2796906352892   21.70046544537029
670   266.41313647067886   22.454201470246566
680   267.5400568116301   23.21486728020117
690   268.66049413968005   23.982361465067733
700   269.774490812384   24.7565838030119
710   270.8820891224457   25.53743529725123
720   271.98333134843153   26.324818209715197
730   273.0782597981702   27.11863609193869
740   274.1669168457902   27.918793813450456
750   275.2493449632233   28.725197587890612
760   276.3255867468895   29.537754997066223
770   277.39568494018687   30.356375013132286
780   278.4596824523285   31.180968019066732
790   279.5176223739981   32.01144582759019
800   280.5695479902357   32.84772169866667
810   281.6155027909124   33.68971035570828
820   282.65553047910714   34.53732800059375
830   283.6896749776596   35.3904923276017
840   284.71798043413884   36.249122536348345
850   285.74049122443665   37.113139343812186
860   286.7572519551694   37.98246499551967
870   287.76830746504953   38.85702327595941
880   288.7737028253663   39.73673951828636
890   289.7734833397009   40.6215406133718
900   290.76769454298255   41.51135501824999
910   291.75638219998166   42.40611276400792
920   292.73959230332275   43.3057454631603
930   293.7173710710907   44.21018631654919
940   294.6897649440931   45.1193701198027
950   295.6568205828369   46.03323326938624
960   296.61858486426604   46.95171376827519
970   297.57510487830575   47.874751231276996
980   298.5264279242486   48.802286890027126
990   299.4726015070176   49.73426359768256
1000   300.41367333333335   50.670625833333354
1010   301.34969130781144   51.61131970615234
1020   302.28070352901136   52.55629295930073
1030   303.20675828545666   53.505494973606055
1040   304.1279040516413   54.458876771028024
1050   305.04418948403907   55.41639101792634
1060   305.9556634171253   56.377992028143545
1070   306.8623748594241   57.34363576591482
1080   307.7643729895883   58.31327984861654
1090   308.66170715252144   59.28688354936306
1100   309.55442685554624   60.26440779946213
1110   310.4425817646277   61.24581519073757
1120   311.32622170065326   62.23106997772742
1130   312.2053966357742   63.2201380797654
1140   313.0801566898126   64.21298708295299
1150   313.9505521267345   65.20958624202831
1160   314.8166333511924   66.20990648213856
1170   315.67845090513833   67.21392040052152
1180   316.53605546450774   68.22160226810155
1190   317.3894978359761   69.23292803100497
1200   318.23882895378705   70.24787531200002
