0   0   -9.904
100   152.3878607246953   -6.571086506666667
110   155.5492131843763   -6.239386041175243
120   158.44356814181938   -5.906739810389334
130   161.11063392394786   -5.573531674979205
140   163.58228917832173   -5.2400094711207625
150   165.88442794574   -4.906331131041668
160   168.03832031435826   -4.572593508362667
170   170.06162183402955   -4.238851029789039
180   171.96912966117645   -3.9051281295715565
190   173.773355302459   -3.571427757295562
200   175.48496341334555   -3.2377373333333326
210   177.11311175324943   -2.904033002738619
220   178.66571739540314   -2.570282728988122
230   180.14966730906082   -2.236448580659985
240   181.57098652966965   -1.902488446442666
250   182.9349736601995   -1.5683573385416665
260   184.246310962691   -1.2340083953000995
270   185.50915450369828   -0.8993936610147042
280   186.72720850634067   -0.5644646986483792
290   187.9037870947846   -0.22917307577467838
300   189.04186589689024   0.10652924666666408
310   190.14412542946496   0.44268960085717346
320   191.21298778003353   0.779354357370666
330   192.25064778502747   1.116568716758696
340   193.25909966217452   1.45437653791498
350   194.24015986674019   1.7928201958630918
360   195.19548679403414   2.13194046324622
370   196.12659783455197   2.4717764110347655
380   197.03488419607353   2.8123653249117204
390   197.92162383355665   3.153742634521821
400   198.78799276866246   3.495941853333335
410   199.63507503309978   3.838994527300544
420   200.46387143128948   4.182930190860191
430   201.27530728628022   4.527776329067915
440   202.07023930695587   4.873558344897939
450   202.84946169324363   5.220299530902775
460   203.61371157837718   5.568021044569505
470   204.36367389259658   5.916741886822052
480   205.0999857204199   6.2664788832106595
490   205.82324021336234   6.617246667404785
500   206.53399011134974   6.969057666666668
510   207.23275091879108   7.3219220890341
520   207.92000377510615   7.6758479119819505
530   208.59619805426337   8.03084087236736
540   209.26175372341478   8.386904457492147
550   209.9170634868941   8.744039897140151
560   210.56249473856644   9.10224615646781
570   211.19839134270052   9.461519929643035
580   211.82507526110285   9.82185563414216
590   212.4428480421509   10.183245405626852
600   213.0519921855405   10.54567909333333
610   213.6527723949778   10.90914425591512
620   214.24543672966664   11.273626157688085
630   214.83021766423727   11.639107765233128
640   215.4073330657067   12.00556974431733
650   215.97698709513722   12.372990457099359
660   216.5393710408455   12.741345959588848
670   217.09466408929933   13.110609999333374
680   217.64303403920678   13.48075401330949
690   218.18463796374402   13.851747125997118
700   218.71962282537345   14.223556147619046
710   219.24812604726407   14.596145572529185
720   219.77027604493622   14.969477577735113
730   220.2861927214053   15.343512021542061
740   220.79598792878826   15.718206442306883
750   221.29976589906113   16.09351605729166
760   221.79762364640652   16.469393761607858
770   222.28965134336946   16.845790127242683
780   222.77593267283945   17.22265340216041
790   223.25654515769838   17.599929509471956
800   223.7315604698127   17.977562046666666
810   224.20104471990265   18.3554922849011
820   224.6650587296903   18.73365916833977
830   225.12365828761077   19.111999313543617
840   225.57689438926218   19.490447008902095
850   226.02481346367455   19.868934214105398
860   226.4674575863884   20.24739055965346
870   226.90486468025523   20.62574334639888
880   227.3370687047984   21.00391754512097
890   227.76409983490763   21.381835796128474
900   228.18598462957905   21.759418408888887
910   228.60274619135959   22.136583361682113
920   229.0144043171023   22.51324630127676
930   229.42097564059495   22.88932054262728
940   229.8224737675818   23.264717068590528
950   230.21890940365972   23.63934452966008
960   230.61029047549516   24.01310924371733
970   230.99662224577625   24.385915195797793
980   231.37790742228418   24.75766403787189
990   231.75414626144104   25.128255088638902
1000   232.12533666666667   25.497585333333326
1010   232.491474281853   25.865549423542795
1020   232.85255258024446   26.23203967703656
1030   233.20856294899193   26.59694607760408
1040   233.55949476963096   26.96015627490297
1050   233.9053354947175   27.321555584315476
1060   234.246070720839   27.68102698681318
1070   234.58168425820486   28.03845112882931
1080   234.91215819700662   28.393706322138073
1090   235.23747297072578   28.746668543740675
1100   235.55760741655678   29.09721143575758
1110   235.87253883310078   29.44520630532648
1120   236.18224303547726   29.790522124505912
1130   236.48669440799046   30.133025530183808
1140   236.78586595448016   30.47258082399101
1150   237.07972934647722   30.809049972219206
1160   237.36825496927844   31.14229260574308
1170   237.65141196604696   31.472166019946606
1180   237.92916828003953   31.798525174652923
1190   238.20149069505453   32.12122269405785
1200   238.46834487419076   32.44010886666666
1210   238.72969539700023   32.75503164523407
1220   238.98550579511445   33.065836646707055
1230   239.23573858641902   33.37236715217062
1240   239.48035530784642   33.67446410679604
1250   239.71931654685395   33.97196611979167
1260   239.95258197164935   34.264709464356066
1270   240.1801103602235   34.55252807763337
1280   240.401859628246   34.83525356067067
1290   240.61778685587717   35.11271517837752
1300   240.82784831354587   35.38473985948717
1310   241.03199948674114   35.65115219651964
1320   241.2301950998627   35.911774445746424
1330   241.42238913917214   36.166426527156936
1340   241.60853487488595   36.41492602442619
1350   241.7885848824482   36.657088184884245
1360   241.9624910630192   36.89272591948674
1370   242.13020466321458   37.12164980278678
1380   242.29167629412754   37.34366807290806
1390   242.44685594966504   37.55858663151931
1400   242.59569302422778   37.76620904380952
1410   242.7381363297614   37.96633653846447
1420   242.87413411220624   38.15876800764408
1430   243.0036340673702   38.34330000696099
1440   243.12658335624945   38.51972675545955
1450   243.2429286198194   38.687840135596254
1460   243.35261599331804   38.84742969322053
1470   243.45559112004216   38.998282637556485
1480   243.5517991646767   39.14018384118543
1490   243.64118482617542   39.272915840029086
1500   243.7236923502114   39.39625883333332
1510   243.7992655412143   39.50999068365279
1520   243.86784777401078   39.61388691683594
1530   243.9293820050836   39.707720722010684
1540   243.98381078346412   39.79126295157084
1550   244.03107626127323   39.86428212116264
1560   244.07112020392285   39.9265444096722
1570   244.10388399999246   39.97781365921329
1580   244.12930867079217   40.017851375115455
1590   244.1473348796242   40.046416725912906
1600   244.15790294075464   40.063266543333356
1610   244.1609528281056   40.06815532228772
1620   244.15642418367878   40.06083522086005
1630   244.14425632571997   40.04105606029767
1640   244.12438825663395   40.008565325001875
1650   244.09675867065934   39.96310816251895
1660   244.06130596131143   39.90442738353132
1670   244.01796822860192   39.832263461849315
1680   243.96668328604306   39.74635453440305
1690   243.90738866744462   39.64643640123453
1700   243.84002163350993   39.53224252549021
