0	0	-8.671
100	165.85	-5.769
150   176.90716554672883   -4.447329956709893
160   178.976437904068   -4.126738078579834
170   180.88559200219487   -3.811849964676682
180   182.65910385801146   -3.501589717170873
190   184.31625409783376   -3.1951069528221154
200   185.87248474176235   -2.891720464399995
210   187.3403458390456   -2.5908779788417178
220   188.73017048967023   -2.292126890457638
230   190.0505656721139   -1.9950926289527189
240   191.3087754658461   -1.6994624354427685
250   192.51095415036636   -1.4049730322265503
260   193.66237452884036   -1.1114011379953581
270   194.76758894615728   -0.818556090773555
280   195.83055525158096   -0.5262740516577793
290   196.85473643336877   -0.234413407782327
300   197.8431802343998   0.05714890530833827
310   198.79858337149452   0.34852036948842624
320   199.72334378801082   0.6397952937865625
330   200.61960351376285   0.9310567859878773
340   201.48928408511273   1.2223783763062244
350   202.33411602176045   1.5138253627127227
360   203.15566351787538   1.8054559320427472
370   203.95534525097443   2.097322099301792
380   204.73445201938614   2.3894704986600033
390   205.49416177196701   2.6819430527551305
400   206.23555248030834   2.9747775416000053
410   206.9596132155463   3.2680080882354616
420   207.66725372290912   3.5616655750039996
430   208.35931273275457   3.8557780017390115
440   209.03656520369208   4.150370795109765
450   209.69972865890915   4.445467076720661
460   210.34946874912023   4.741087896240799
470   210.98640415316478   5.037252434772412
480   211.6111109090861   5.333978182798305
490   212.22412625365774   5.6312810963396345
500   212.82595203612067   5.929175734375008
510   213.41705776182872   6.2276753800923785
520   213.99788331315713   6.526792148150506
530   214.56884138808897   6.826537079797546
540   215.1303196910915   7.126920227420882
550   215.68268290602865   7.427950729873444
560   216.22627447675595   7.729636879729199
570   216.76141821758029   8.031986183459225
580   217.28841977282738   8.335005415382696
590   217.8075679422589   8.638700666131186
600   218.3191358869458   8.943077386266665
610   218.82338222837447   9.248140425609236
620   219.32055205199254   9.55389406875878
630   219.8108778250454   9.86034206723376
640   220.2945802373867   10.167487668596962
650   220.77186897293225   10.475333642892679
660   221.24294341854673   10.783882306680496
670   221.70799331638725   11.093135544916919
680   222.16719936505825   11.403094830906099
690   222.6207337743488   11.713761244515823
700   223.068760777809   12.025135488832149
710   223.51143710697303   12.33721790540649
720   223.94891243063884   12.65000848823226
730   224.38132976226487   12.963506896572596
740   224.80882583823475   13.277712466748156
750   225.23153146946646   13.592624222981783
760   225.64957186860013   13.908240887386981
770   226.06306695478116   14.224560889178264
780   226.47213163786412   14.54158237317273
790   226.87687608369015   14.859303207646192
800   227.27740596193766   15.177720991599998
810   227.67382267790856   15.496833061489554
820   228.06622358948917   15.816636497460493
830   228.4547022104144   16.137128129134183
840   228.83934840086474   16.458304540979782
850   229.2202485463353   16.780162077307267
860   229.59748572563694   17.102696846911968
870   229.9711398688148   17.425904727398887
880   230.3412879057057   17.749781369212158
890   230.70800390579475   18.074322199392824
900   231.07135920997828   18.39952242508612
910   231.4314225547911   18.725377036817477
920   231.7882601896114   19.051880811554994
930   232.14193598731617   19.379028315574075
940   232.49251154882353   19.706813907139576
950   232.8400463019238   20.035231739018187
960   233.1845975947716   20.364275760834033
970   233.5262207843826   20.69393972127851
980   233.86496932045276   21.024217170184784
990   234.20089482479509   21.35510146047656
