300   192.99066656996953   0.064709005200001
310   194.16563287534893   0.4230491612739016
320   195.3122068818499   0.7841971912019261
330   196.432408588096   1.1482415495247764
340   197.52803676754033   1.5152572089340666
350   198.60070026236698   1.8853076027178588
360   199.65184395508513   2.258446243465386
370   200.68277046111922   2.6347180792790397
380   201.69465835642055   3.0141606358476523
390   202.68857758025592   3.3968049828161853
400   203.66550252034853   3.7826765552000055
410   204.626323185019   4.171795854592119
420   205.57185478732123   4.564179050198035
430   206.50284600383995   4.959838496005204
440   207.4199861217106   5.358783177429416
450   208.32391124848075   5.76101909840834
460   209.21520972836328   6.1665496180045665
470   210.09442688349324   6.575375744038098
480   210.96206917867644   6.987496390014719
490   211.81860789178594   7.402908600593818
500   212.6644823586468   7.821607749999998
510   213.50010285033463   8.243587717092218
520   214.32585313182778   8.668841040232572
530   215.14209274352334   9.097359054622828
540   215.94915904095342   9.529132014381304
550   216.74736902289357   9.964149201302277
560   217.53702097374443   10.402399021962609
570   218.31839594244784   10.843869094606603
580   219.0917590771445   11.288546327042809
590   219.8573608321947   11.736416986619034
600   220.61543806198938   12.1874667632
610   221.36621501410875   12.641680825950317
620   222.10990423278713   13.09904387462241
630   222.8467073822734   13.559540185959932
640   223.5768159984987   14.023153655750722
650   224.3004121764479   14.48986783699808
660   225.01766919975458   14.95966597462185
670   225.7287521182779   15.432531037051984
680   226.4338182787605   15.908445745034395
690   227.13301781309005   16.387392597932013
700   227.82649408818617   16.869353897771433
710   228.51438412109366   17.354311771257397
720   229.19681896247923   17.842248189952855
730   229.87392405138914   18.3331449888003
740   230.5458195438279   18.826983883141377
750   231.21262061745435   19.323746484375004
760   231.87443775446016   19.82341431437919
770   232.53137700448832   20.325968818809205
780   233.18354022926755   20.831391379372757
790   233.8310253304759   21.339663325172854
800   234.47392646220172   21.85076594320001
810   235.11233422924158   22.364680488047174
820   235.74633587235948   22.881388190913924
830   236.37601544152832   23.40087026795961
840   237.00145395808198   23.92310792805998
850   237.62272956662397   24.448082380016178
860   238.23991767746364   24.975774839260865
870   238.85309110028362   25.50616653410178
880   239.46232016968213   26.039238711539674
890   240.0676728631787   26.57497264269395
900   240.66921491222283   27.11334962786666
910   241.26700990670022   27.65435100127261
920   241.86111939339065   28.19795813546085
930   242.45160296879516   28.74415244545112
940   243.03851836671635   29.292915392606112
950   243.62192154094595   29.844228488259212
960   244.2018667433853   30.398073297115523
970   244.77840659789996   30.954431440442477
980   245.35159217018622   31.513284599065173
990   245.9214730339069   32.07461451618008
1000   246.48809733333334   32.638403000000004
1010   247.05151184271494   33.20463192624191
1020   247.61176202257934   33.77328324046837
1030   248.16889207315322   34.34433896029261
1040   248.72294498507912   34.91778117745645
1050   249.2739625875923   35.493592059789286
1060   249.82198559430873   36.07175385305647
1070   250.36705364676595   36.6522488827038
1080   250.90920535584894   37.23505955550521
1090   251.4484783412227   37.82016836111976
1100   251.98490926888726   38.40755787356365
1110   252.51853388696065   38.9972107526027
1120   253.04938705979072   39.589109745070274
1130   253.5775028004884   40.183237686115085
1140   254.10291430196995   40.77957750038356
1150   254.62565396658974   41.37811220314021
1160   255.14575343443974   41.97882490133037
1170   255.66324361038807   42.581698794588135
1180   256.1781546899228   43.18671717619337
1190   256.690516183865   43.793863433980164
1200   257.20035694200925   44.403121051199996
1210   257.70770517574823   45.0144736073422
1220   258.21258847973246   45.62790477891381
1230   258.7150338526151   46.24339834018172
1240   259.21506771692793   46.860938163878565
1250   259.7127159381316   47.480508221875
1260   260.2080038428817   48.102092585819825
1270   260.70095623654817   48.725675427749906
1280   261.1915974200265   49.351241020671516
1290   261.6799512058722   49.97877373911462
1300   262.1660409337942   50.60825805966156
1310   262.64988948553435   51.239678561451534
1320   263.1315192991651   51.87301992666229
1330   263.61095238283053   52.50826694096975
1340   264.0882103279573   53.14540449398745
1350   264.5633143219604   53.78441757968612
1360   265.03628516046575   54.42529129679496
1370   265.50714325907273   55.068010849185285
1380   265.97590866467664   55.71256154623746
1390   266.44260106637086   56.358928803192015
