     0          0
   200        50.32  
   298        54.78  
   300        54.86  
   400        58.89  
   500        62.69  
   600        66.33  
   700        69.81  
   800        73.12  
   900        76.26  
  1000        79.26  
  1100        82.12  
  1200        84.85  
  1300        87.45  
  1400        89.94  
  1500        92.31  
  1600        94.59  
  1700        96.77  
  1800        98.86  
  1900       100.86  
  2000       102.79  
  2100       104.64  
  2200       106.43  
  2300       108.15  
  2400       109.80  
  2500       111.41  
  2600       112.95  
  2700       114.45  
  2800       115.90  
  2900       117.31  
  3000       118.67  
